0.00042443
0.63324163
0.80625064
0.57739144
0.67953814
0.06578623
0.21502246
0.01055173
0.28195816
0.86460128
0.60136472
0.48259409
0.26593485
0.48011415
0.45784442
0.93646772
0.84260380
0.37278049
0.36126445
0.59192443
0.38622653
0.32857639
0.36333519
0.01839108
0.22627778
0.39581029
0.25060160
0.62373595
0.77344082
0.34869720
0.79536133
0.48888587
0.05999639
0.27395145
0.93136736
0.49226994
0.50220280
0.18644220
0.99688566
0.17564527
0.97082762
0.48812589
0.65201441
0.60106615
0.61595784
0.08884985
0.80750988
0.51243691
0.87020489
0.55725450
0.34658856
0.51576868
0.93926780
0.78434227
0.84570782
0.56737294
0.54510501
0.65116170
0.33433876
0.22256942
0.49265622
0.13495275
0.88227631
0.42572086
0.50392346
0.90770658
0.29685067
0.64199723
0.82008459
0.25381348
0.55978136
0.70782083
0.77824967
0.64131914
0.98287117
0.71494091
0.32711098
0.68404105
0.58083272
0.30871694
0.95265053
0.87331517
0.98316959
0.31693260
0.00425863
0.10664970
0.38542452
0.49392632
0.66791138
0.84480432
0.13970528
0.21426344
0.66799940
0.59302896
0.68200665
0.94251560
0.20953191
0.90823292
0.35593579
0.84146735
0.31076758
0.18469781
0.03892868
0.05246048
0.82286805
0.89596907
0.06703776
0.47116185
0.56213008
0.56151027
0.26549351
0.90091354
0.55472077
0.38364570
0.00301113
0.69917130
0.73959306
0.05347503
0.75890395
0.58761143
0.55990625
0.09057054
0.03657818
0.21830090
0.33757447
0.65553307
0.39340575
0.67844896
0.86180287
0.57175545
0.41436663
0.64103485
0.74861616
0.17106226
0.45364873
0.95680595
0.70751664
0.12938680
0.96301167
0.31172589
0.25433376
0.38580973
0.96096102
0.57577478
0.59171557
0.57854277
0.45905394
0.46552821
0.61374927
0.55539508
0.51591077
0.32201798
0.02607480
0.29418385
0.23744848
0.60686288
0.56923283
0.34040434
0.44073724
0.63782058
0.73241106
0.60289892
0.15979413
0.98403755
0.61490247
0.64163583
0.45283603
0.55712286
0.11136198
0.09676414
0.84344501
0.57481074
0.97337278
0.99670737
0.55827386
0.21457444
0.93448242
0.04340152
0.53528055
0.66657827
0.07832871
0.52573581
0.36904257
0.27817862
0.95757213
0.11203441
0.99563076
0.52060797
0.15415946
0.05939765
0.80593589
0.84362529
0.19230393
0.21595028
0.42541278
0.13716502
0.14930752
0.84450597
0.03783941
0.75449071
0.46854197
0.55466178
0.98873651
0.10323886
0.24167564
0.50033907
0.94949438
0.16145764
0.85217444
0.48066981
0.59663314
0.67404827
0.51529353
0.42275027
0.20309087
0.33219225
0.27464187
0.39890154
0.27973387
0.81127832
0.59525237
0.73606211
0.94082354
0.94638410
0.36054146
0.82691020
0.99248312
0.45120696
0.02709798
0.14495829
0.34366200
0.37580655
0.81438809
0.14453390
0.96054292
0.68094889
0.26447011
0.53500523
0.89528620
0.59901600
0.25402573
0.75330274
0.22033665
0.00259525
0.22870814
0.51874142
0.25999792
0.45946311
0.83277541
0.32606299
0.11672518
0.16364363
0.26062923
0.19396024
0.28900377
0.45665005
0.27364920
0.03238249
0.17455986
0.20606099
0.85011241
0.80581667
0.46062924
0.99750741
0.64269117
0.75417973
0.20230692
0.06717981
0.85354708
0.25588518
0.11109638
0.92970778
0.96272428
0.72280267
0.37703123
0.28483956
0.43619356
0.14317237
0.46184942
0.52471597
0.92391117
0.97807781
0.97100784
0.87075508
0.40838788
0.03931549
0.18886375
0.02504735
0.97539150
0.50629544
0.58953617
0.32810553
0.75502102
0.99807953
0.70470552
0.69583734
0.67854334
0.49418660
0.36024294
0.97601334
0.03877128
0.68533440
0.11232056
0.46316281
0.73778276
0.40736853
0.72235820
0.55097434
0.04628056
0.23420373
0.09352350
0.10055277
0.26881553
0.78155715
0.78272550
0.88300818
0.08574525
0.78520543
0.82491825
0.50256332
0.41996110
0.39061000
0.04456801
0.63824873
0.36467612
0.78511083
0.61218940
0.05450010
0.67217790
0.98972917
0.45400250
0.33955596
0.48232643
0.69849507
0.35720592
0.37149199
0.46129907
0.37682972
0.74291815
0.30547307
0.05678762
0.93579342
0.19361504
0.05377350
0.90691988
0.38113442
0.32675717
0.05080128
0.35484345
0.86242664
0.36753569
0.80967382
0.79972403
0.32644618
0.28603273
0.77386328
0.98181389
0.02335726
0.93323439
0.63546528
0.33970568
0.84920699
0.48716567
0.78415228
0.94891640
0.40138148
0.34174155
0.73676151
0.02388115
0.82762339
0.46245012
0.28948261
0.28833531
0.57329011
0.08067779
0.73477188
0.85433471
0.02236271
0.50287137
0.78757558
0.67812284
0.59630036
0.05692213
0.30292081
0.99985792
0.61736998
0.27291589
0.44246457
0.39327895
0.06132193
0.07411848
0.00612619
0.78085091
0.70626079
0.53391986
0.16200595
0.23456157
0.16271581
0.17548789
0.35382408
0.69756512
0.20760383
0.20375530
0.55261541
0.13167449
0.79704971
0.79299118
0.01396543
0.09123533
0.13747110
0.75044470
0.54142907
0.74218639
0.21576070
0.27556966
0.83158175
0.97963499
0.75829158
0.35214155
0.16411036
0.49828790
0.89614266
0.33229625
0.89189067
0.65808251
0.82939622
0.38418350
0.53401425
0.54451223
0.94693440
0.72815434
0.50431731
0.29009121
0.52185195
0.21713274
0.48448410
0.31321278
0.71982399
0.71680035
0.55891741
0.47454833
0.38449813
0.79902789
0.09243423
0.83577840
0.88092415
0.62775111
0.14190711
0.50389287
0.65543861
0.77603356
0.38978040
0.30982877
0.24866716
0.47956393
0.57448449
0.73862900
0.39021043
0.66193871
0.42581498
0.80695384
0.39470197
0.54857135
0.23034753
0.68213447
0.70874862
0.66185000
0.80905404
0.00370741
0.96394139
0.13124241
0.16478464
0.60027952
0.71781972
0.87990431
0.07142115
0.59768666
0.55199561
0.39668776
0.31554516
0.92429554
0.34569271
0.21468409
0.30136316
0.77139554
0.10461102
0.02860890
0.01895168
0.69380433
0.36245861
0.05897321
0.15804959
0.52095418
0.52116210
0.75517070
0.36569573
0.47659146
0.13253079
0.00102533
0.43097488
0.41875218
0.98217047
0.25687425
0.44587048
0.52029443
0.05118747
0.97184912
0.07277770
0.80409606
0.38551322
0.86105222
0.39297940
0.29508903
0.55550477
0.14866101
0.60952306
0.58354535
0.90126921
0.17233573
0.67310976
0.57438245
0.12125908
0.67777477
0.22941950
0.75372337
0.86822290
0.32032051
0.55805449
0.44858400
0.45298571
0.17388183
0.82379586
0.54312730
0.47696240
0.51540507
0.80525608
0.99065700
0.77644932
0.92078947
0.46400765
0.43980538
0.80121488
0.81366141
0.37976190
0.41080895
0.53829117
0.09509637
0.66150867
0.54354986
0.61032234
0.81779512
0.47835484
0.04495096
0.96772049
0.69781500
0.44185980
0.65975456
0.66760145
0.47792095
0.92831091
0.64486818
0.02716377
0.52746410
0.60004106
0.95305201
0.49044101
0.21031867
0.76143756
0.67531098
0.04532199
0.33448173
0.48734189
0.88602194
0.01983040
0.72730544
0.30204304
0.93393398
0.92664314
0.85795152
0.12092465
0.88316368
0.71849782
0.02888918
0.25345203
0.17702933
0.48177814
0.33185876
0.03850243
0.91910053
0.50021222
0.31662081
0.90312532
0.28869572
0.83976907
0.53289311
0.60751123
0.50527587
0.14097908
0.93230064
0.80068236
0.24129705
0.13296742
0.24005707
0.72892221
0.46823386
0.42130190
0.68639025
0.68063222
0.79596222
0.69311326
0.66428820
0.18166759
0.00919554
0.11313889
0.19790515
0.12530080
0.31186797
0.88672041
0.67434860
0.39768067
0.24444294
0.52999820
0.63697573
0.46568368
0.24613497
0.25110140
0.09322110
0.99844283
0.08782263
0.48541381
0.24406295
0.82600720
0.30053308
0.80797892
0.04442492
0.90375494
0.75621845
0.93510245
0.77862725
0.17329428
0.75788434
0.96963390
0.89217113
0.92285391
0.28368647
0.27255250
0.82558085
0.66716938
0.61128471
0.74632811
0.06747637
0.94113815
0.71286043
0.75196173
0.95385329
0.64842533
0.32099861
0.41004230
0.12690674
0.77989068
0.85391041
0.88912484
0.82065957
0.49143559
0.35747046
0.66355549
0.34202053
0.29041636
0.15435847
0.97632526
0.93665759
0.99158480
0.65846630
0.50212932
0.55332485
0.19271226
0.74696316
0.33395569
0.42240216
0.56985264
0.60713172
0.83399970
0.79651448
0.34100332
0.97125780
0.60476596
0.95411646
0.17796790
0.42073367
0.15538379
0.59234890
0.51946434
0.02623024
0.91143403
0.94798454
0.03351888
0.23558093
0.28106504
0.28075514
0.63274676
0.95045677
0.27736039
0.69182285
0.50150556
0.84958565
0.86979653
0.02673752
0.37945197
0.79380572
0.27995312
0.54528527
0.01828909
0.60915045
0.66878723
0.82776653
0.19670287
0.83922448
0.43090144
0.78587773
0.20718331
0.82051742
0.87430808
0.58553113
0.22682437
0.97840298
0.35375832
0.06469340
0.98150583
0.65586294
0.12716688
0.19290487
0.98048051
0.78788739
0.29585779
0.78927139
0.72952697
0.73276411
0.80687463
0.77769754
0.25795538
0.66100899
0.01303740
0.64709193
0.61872424
0.80343144
0.28461642
0.17020217
0.72036862
0.31891029
0.86620553
0.80144946
0.57989707
0.99201877
0.30745124
0.82081792
0.22641801
0.77856143
0.55568099
0.04838207
0.42172250
0.28740537
0.98668639
0.49835368
0.27913693
0.60728722
0.46724121
0.02170076
0.76764028
0.33328913
0.53916435
0.76286791
0.18452128
0.13908931
0.97878607
0.05601720
0.99781538
0.26030399
0.57707973
0.52969882
0.90296795
0.92181265
0.09615196
0.10797514
0.21270639
0.56858251
0.07465376
0.92225298
0.51891971
0.87724535
0.73427099
0.27733089
0.99436826
0.05161943
0.12083782
0.25016954
0.47474719
0.58072882
0.92608722
0.24033491
0.29831657
0.33702414
0.25764677
0.21137513
0.10154543
0.16609612
0.63732094
0.19945077
0.63986694
0.40563916
0.29762619
0.86803106
0.47041177
0.47319205
0.68027073
0.41345510
0.49624156
0.22560348
0.51354899
0.07247915
0.17183100
0.18790328
0.40719405
0.57226695
0.48027146
0.84047444
0.13223506
0.26750262
0.94764310
0.29950800
0.62701287
0.37665137
0.11016832
0.50129763
0.61435407
0.25937071
0.12999896
0.22973156
0.91638770
0.16303149
0.55836259
0.58182181
0.13031462
0.59698012
0.14450189
0.72832503
0.13682460
0.51619124
0.08727993
0.60303049
0.42505620
0.40290834
0.73031462
0.99875371
0.32134559
0.87708986
0.10115346
0.53358991
0.42677354
0.62794259
0.05554819
0.46485389
0.48136214
0.86140133
0.18851562
0.64241978
0.21809678
0.07158618
0.23092471
0.26235798
0.96195558
0.98903891
0.98550392
0.43537754
0.20419394
0.01965774
0.09443187
0.51252368
0.48769575
0.25314772
0.79476808
0.16405276
0.87751051
0.99903976
0.85235276
0.84791867
0.33927167
0.24709330
0.18012147
0.48800667
0.01938564
0.34266720
0.05616028
0.73158140
0.86889138
0.70368427
0.86117910
0.77548717
0.52314028
0.11710187
0.54676175
0.55027639
0.63440776
0.89077858
0.39136275
0.44150409
0.04287262
0.39260272
0.91245913
0.25128166
0.70998055
0.19530500
0.52228401
0.81912436
0.18233806
0.89255542
0.30609470
0.52725005
0.83608895
0.49486459
0.72700125
0.66977798
0.74116321
0.34924753
0.17860296
0.18574599
0.73064953
0.68841486
0.87145908
0.15273653
0.52839381
0.96789671
0.59680752
0.52688675
0.45345994
0.69056721
0.16337859
0.02540064
0.67742172
0.43121332
0.18376784
0.40483691
0.39986202
0.16322309
0.64301636
0.38693164
0.99090694
0.51167863
0.46661720
0.31773264
0.16985284
0.92460350
0.74358284
0.39207614
0.97445820
0.20069074
0.17087077
0.36838075
0.01194058
0.41381169
0.23122506
0.64474130
0.64416766
0.28664506
0.04033890
0.36738594
0.42716736
0.01118135
0.75143569
0.89378779
0.83906142
0.79815018
0.02846107
0.65146040
0.49992896
0.80868499
0.63645795
0.22123229
0.69663948
0.53066096
0.53705924
0.50306309
0.89042545
0.35313040
0.26695993
0.08100297
0.11728079
0.08135790
0.58774395
0.17691204
0.84878256
0.60380191
0.60187765
0.27630770
0.56583724
0.39852485
0.89649559
0.00698272
0.04561767
0.06873555
0.87522235
0.77071453
0.37109319
0.60788035
0.13778483
0.91579088
0.48981750
0.37914579
0.17607078
0.08205518
0.24914395
0.94807133
0.66614812
0.94594534
0.82904126
0.91469811
0.69209175
0.76700713
0.27225611
0.97346720
0.36407717
0.25215865
0.64504560
0.26092598
0.10856637
0.74224205
0.65660639
0.35991200
0.35840017
0.77945871
0.23727417
0.69224907
0.39951394
0.54621712
0.41788920
0.94046208
0.31387555
0.57095356
0.25194644
0.32771931
0.38801678
0.19489020
0.15491438
0.12433358
0.73978197
0.28724224
0.36931450
0.69510521
0.83096935
0.21290749
0.40347692
0.19735098
0.77428567
0.11517377
0.34106724
0.35437431
0.33092500
0.40452702
0.50185370
0.48197070
0.06562120
0.58239232
0.80013976
0.85890986
0.43995215
0.53571057
0.29884333
0.27599781
0.19834388
0.65777258
0.46214777
0.67284636
0.10734205
0.15068158
0.88569777
0.55230551
0.51430445
0.00947584
0.34690216
0.68122930
0.02948661
0.07902479
0.76047709
0.76058105
0.37758535
0.68284787
0.23829573
0.56626540
0.50051267
0.71548744
0.70937609
0.99108523
0.12843713
0.72293524
0.76014721
0.52559373
0.98592456
0.53638885
0.40204803
0.69275661
0.93052611
0.69648970
0.14754451
0.27775239
0.07433050
0.30476153
0.29177267
0.45063460
0.08616786
0.33655488
0.78719123
0.06062954
0.33888739
0.61470975
0.87686169
0.93411145
0.66016026
0.27902725
0.22429200
0.72649285
0.58694091
0.41189793
0.27156365
0.73848120
0.75770254
0.40262804
0.99532850
0.38822466
0.46039474
0.73200383
0.21990269
0.90060744
0.40683071
0.18988095
0.70540447
0.26914558
0.54754819
0.33075433
0.77177493
0.30516117
0.90889756
0.73917742
0.52247548
0.98386025
0.84890750
0.22092990
0.32987728
0.83380073
0.23896048
0.46415545
0.82243409
0.01358188
0.26373205
0.80002053
0.47652600
0.74522050
0.10515933
0.88071878
0.33765549
0.02266100
0.66724086
0.24367094
0.44301097
0.50991520
0.36365272
0.65102152
0.96696699
0.96332157
0.92897576
0.56046232
0.94158184
0.35924891
0.51444459
0.62672601
0.58851467
0.24088907
0.66592938
0.01925121
0.95955027
0.75010611
0.15831041
0.45156266
0.64434786
0.91988454
0.76644656
0.80375562
0.75263793
0.07048954
0.96615032
0.90034118
0.62064852
0.06648371
0.62002854
0.86446111
0.23411693
0.71065095
0.84319512
0.84031611
0.39798111
0.84655663
0.83214410
0.09083380
0.50459777
0.05656945
0.09895257
0.06265040
0.15593399
0.44336020
0.83717430
0.69884033
0.12222147
0.76499910
0.31848786
0.23284184
0.62306748
0.12555070
0.04661055
0.49922142
0.54391132
0.24270690
0.12203147
0.91300360
0.65026654
0.90398946
0.52221246
0.45187747
0.87810923
0.46755122
0.88931363
0.58664714
0.87894217
0.48481695
0.94608557
0.46142696
0.14184323
0.13627625
0.41279042
0.33358469
0.80564236
0.37316406
0.03373819
0.47056908
0.85643021
0.37598086
0.97692664
0.82421267
0.16049931
0.70502115
0.06345337
0.38994534
0.92695521
0.94456242
0.91032978
0.24571779
0.67873523
0.33177774
0.67101026
0.14520818
0.07717924
0.98816263
0.96832879
0.49579240
0.82923315
0.75106466
0.27666243
0.09635613
0.37348158
0.66697784
0.71120108
0.28492632
0.80356586
0.91699985
0.89825724
0.17050166
0.98562890
0.80238298
0.97705823
0.58898395
0.71036684
0.57769189
0.29617445
0.25973217
0.51311512
0.95571701
0.47399227
0.51675944
0.61779046
0.64053252
0.14037757
0.81637338
0.97522838
0.13868019
0.34591143
0.75075278
0.42479282
0.93489826
0.51336876
0.68972599
0.89690286
0.63997656
0.77264263
0.50914454
0.30457523
0.83439362
0.41388327
0.59835144
0.41961224
0.21545072
0.89293886
0.10359166
0.41025871
0.43715404
0.29276556
0.11341218
0.48920149
0.67687916
0.53234670
0.49075292
0.82793147
0.56358344
0.09645243
0.99024026
0.39394369
0.14792889
0.89463569
0.86476348
0.86638205
0.90343732
0.38884877
0.12897769
0.33050449
0.50651870
0.82354596
0.80936212
0.90171572
0.64230821
0.58510108
0.86018431
0.65945515
0.93310277
0.90072473
0.78994853
0.99600939
0.15372562
0.91040896
0.61320901
0.38928071
0.77784050
0.02419103
0.21086125
0.14370268
0.99334319
0.74917684
0.63956846
0.30364361
0.73362060
0.01085038
0.38382014
0.16664457
0.26958218
0.38143395
0.09226064
0.56954465
0.48939303
0.52800860
0.49890769
0.63015199
0.78853987
0.76484941
0.95148397
0.96090632
0.04807598
0.55398757
0.10635320
0.28429126
0.53732688
0.46112649
0.75945985
0.43862268
0.86713549
0.63866544
0.99718413
0.02580972
0.06041891
0.62508477
0.73737359
0.79036441
0.46304361
0.12016745
0.64915829
0.16851207
0.12882338
0.10568757
0.05077272
0.08304806
0.31866047
0.59972539
0.31993347
0.70281958
0.64881309
0.43401553
0.73520588
0.23659603
0.34013537
0.20672755
0.24812078
0.61280174
0.75677450
0.03623957
0.58591550
0.59395164
0.20359702
0.78613347
0.74013573
0.92023722
0.56611753
0.13375131
0.47382155
0.14975400
0.31350643
0.18832568
0.55508416
0.75064881
0.80717703
0.12968535
0.06499948
0.11486578
0.95819385
0.58151575
0.77918130
0.79091091
0.56515731
0.29849006
0.07225094
0.86416251
0.06841230
0.25809562
0.04363996
0.80151525
0.21252810
0.20145417
0.86515731
0.49937685
0.16067279
0.93854493
0.55057673
0.26679495
0.71338677
0.81397129
0.52777409
0.23242694
0.24068107
0.93070067
0.59425781
0.82120989
0.60904839
0.03579309
0.11546235
0.63117899
0.48097779
0.49451945
0.99275196
0.21768877
0.60209697
0.00982887
0.04721594
0.25626184
0.74384788
0.12657386
0.39738404
0.08202638
0.43875526
0.49951988
0.42617638
0.42395934
0.66963583
0.12354665
0.59006073
0.74400334
0.50969282
0.67133360
0.52808014
0.86579070
0.43444569
0.35184213
0.43058955
0.88774359
0.76157014
0.05855093
0.77338087
0.77513819
0.81720388
0.94538929
0.19568137
0.72075205
0.02143631
0.19630136
0.45622956
0.62564083
0.35499028
0.59765250
0.76114200
0.90956218
0.59116903
0.44627771
0.15304735
0.76362503
0.41804448
0.74743229
0.86350063
0.33488899
0.87058161
0.17462377
0.58930148
0.09287300
0.36532477
0.84420743
0.93572954
0.57636827
0.76419691
0.48394835
0.79840376
0.26344338
0.22672997
0.34528360
0.58168929
0.51270032
0.33871086
0.71560666
0.09188392
0.20241845
0.69993101
0.08161154
0.82150818
0.69346582
0.99545347
0.75583931
0.73330860
0.15886632
0.58492642
0.96230175
0.37179142
0.19603807
0.98722910
0.60034537
0.08543539
0.18419038
0.50597029
0.20690585
0.61561253
0.32237065
0.32208383
0.64332253
0.52016945
0.68369297
0.21358368
0.50559068
0.37571784
0.44689389
0.91953071
0.39907509
0.01423053
0.32573020
0.74996448
0.90434249
0.81822897
0.61061614
0.34831974
0.26533048
0.26852962
0.25153155
0.94521273
0.67656520
0.63347996
0.54050149
0.05864039
0.54067895
0.29387197
0.08845602
0.42439128
0.30190096
0.30093882
0.13815385
0.28291862
0.69926243
0.94824780
0.50349136
0.02280883
0.03436777
0.93761118
0.88535727
0.18554660
0.30394018
0.56889241
0.95789544
0.74490875
0.18957289
0.08803539
0.54102759
0.12457197
0.97403567
0.83307406
0.47297267
0.91452063
0.95734905
0.34604587
0.38350356
0.63612806
0.48673360
0.18203858
0.62607933
0.82252280
0.63046299
0.55428319
0.37112103
0.82830319
0.67995600
0.17920009
0.88972935
0.11863708
0.84612453
0.19975697
0.27310856
0.20894460
0.97023104
0.15693778
0.28547678
0.12597322
0.66385965
0.69400839
0.09744510
0.57745719
0.06216679
0.86989098
0.64362112
0.68465725
0.34755261
0.91548468
0.60645374
0.20173846
0.59867549
0.88714284
0.05758688
0.67053362
0.67718716
0.16546250
0.70226351
0.25092685
0.24098535
0.03281060
0.79119616
0.40006988
0.42945493
0.21997608
0.26785529
0.64942167
0.63799890
0.09917194
0.32888629
0.73107388
0.33642318
0.55367102
0.57534079
0.44284888
0.77615275
0.75715222
0.50473792
0.67345108
0.84061465
0.51474330
0.53951240
0.38023854
0.88029052
0.68879268
0.34142393
0.11914787
0.78313270
0.25025633
0.85774372
0.35468805
0.49554262
0.56421856
0.36146762
0.38007361
0.26279687
0.49296228
0.76819442
0.70102401
0.84637831
0.46526305
0.84824485
0.07377226
0.63887619
0.03716525
0.15238076
0.14588634
0.22531730
0.04308393
0.16827744
0.39359561
0.53031477
0.16944369
0.30735487
0.43843084
0.96705572
0.33008013
0.13951362
0.11214600
0.36324643
0.29347046
0.70594897
0.63578182
0.86924060
0.87885127
0.20131402
0.49766425
0.69411233
0.73019737
0.36600191
0.60995135
0.45030372
0.70341535
0.59494047
0.35270224
0.63457279
0.27377409
0.66537717
0.88588747
0.65258058
0.45444878
0.86958871
0.26123774
0.99193012
0.92445375
0.11046495
0.66493864
0.41690036
0.61948024
0.23207773
0.41121705
0.00679094
0.13186603
0.90001027
0.23826300
0.87261025
0.05257967
0.44035939
0.16882774
0.51133050
0.83362043
0.62183547
0.72150549
0.25495760
0.68182636
0.32551076
0.98348350
0.48166079
0.96448788
0.78023116
0.47079092
0.17962445
0.25722229
0.81336301
0.29425733
0.62044453
0.33296469
0.00962561
0.97977513
0.37505305
0.57915520
0.72578133
0.82217393
0.95994227
0.38322328
0.90187781
0.87631897
0.03524477
0.98307516
0.95017059
0.81032426
0.53324186
0.81001427
0.43223055
0.61705846
0.85532547
0.42159756
0.92015806
0.19899055
0.92327832
0.91607205
0.54541690
0.25229889
0.02828472
0.54947629
0.53132520
0.07796699
0.72168010
0.41858715
0.34942017
0.56111073
0.88249955
0.15924393
0.11642092
0.81153374
0.06277535
0.52330527
0.74961071
0.27195566
0.12135345
0.06101574
0.95650180
0.32513327
0.45199473
0.26110623
0.72593873
0.43905461
0.23377561
0.94465681
0.29332357
0.93947108
0.24240847
0.97304278
0.73071348
0.07092162
0.06813813
0.70639521
0.16679235
0.90282118
0.68658203
0.51686909
0.23528454
0.42821511
0.68799043
0.48846332
0.91210633
0.08024965
0.35251057
0.53172669
0.69497267
0.46347760
0.97228121
0.95516489
0.62285890
0.83936761
0.16588887
0.33550513
0.07260409
0.53858962
0.99408132
0.98416440
0.24789620
0.41461657
0.87553233
0.13833121
0.04817807
0.18674079
0.83348892
0.85560054
0.14246316
0.40178293
0.95849993
0.44912862
0.58525083
0.49281445
0.40119149
0.48852911
0.29449197
0.85518342
0.78884595
0.14808723
0.62986609
0.25655756
0.97785851
0.73699613
0.25837972
0.30889523
0.32026626
0.07018878
0.40818669
0.98761419
0.06934010
0.17295571
0.37537639
0.21239641
0.46744913
0.25668438
0.34486299
0.44845143
0.81998828
0.88632132
0.25457227
0.15228761
0.41719681
0.70694163
0.79917572
0.70980612
0.10772536
0.44646943
0.05179583
0.20512936
0.71857702
0.64638278
0.55670609
0.74460074
0.83843958
0.26617335
0.24537646
0.91396574
0.78179172
0.54822622
0.49512013
0.19697185
0.57396445
0.94731785
0.93238174
0.43319103
0.95171866
0.69442439
0.56448885
0.66525225
0.25325935
0.41177298
0.90468106
0.45085786
0.32115410
0.79255054
0.93009215
0.32972757
0.46655138
0.95036237
0.89497427
0.49800469
0.07686281
0.45520448
0.80660450
0.19464036
0.38892025
0.51209552
0.60543063
0.07185134
0.49667160
0.87458842
0.81978423
0.65182180
0.86681030
0.00542519
0.19191007
0.58332228
0.63479109
0.69071698
0.54613032
0.78477233
0.24469652
0.76400430
0.24945384
0.31507600
0.39426993
0.38242471
0.47574199
0.98045316
0.52403799
0.77699378
0.05317660
0.14214563
0.76866344
0.23056325
0.87972993
0.21931134
0.43356775
0.31933272
0.49859206
0.01290486
0.03020946
0.31254238
0.36868680
0.89518221
0.23152181
0.56008373
0.32457914
0.58425603
0.06441169
0.05284378
0.52538636
0.04152403
0.65933023
0.29986269
0.15996673
0.35140979
0.32440655
0.21700776
0.86760294
0.61829801
0.17006768
0.10336378
0.62406039
0.30640087
0.37838725
0.51811979
0.79295775
0.29697582
0.60179851
0.89306674
0.37006787
0.96011861
0.28305876
0.06687565
0.23691077
0.07487700
0.65675322
0.09416284
0.77754208
0.87532441
0.40358852
0.56484268
0.03249974
0.55743289
0.97909693
0.29075787
0.38959065
0.39545545
0.78257865
0.64924503
0.53612547
0.93208126
0.53420615
0.62904781
0.02181998
0.40075762
0.60626405
0.10072708
0.43257866
0.24968843
0.08033640
0.96927247
0.27528837
0.13339748
0.85669338
0.90698565
0.76388705
0.61621347
0.62034054
0.96535033
0.79712890
0.41060494
0.80452419
0.51789655
0.55773118
0.81558950
0.74048890
0.74725973
0.49637598
0.60884438
0.30104849
0.50491444
0.52360797
0.12813092
0.37192394
0.56328693
0.19869202
0.04101319
0.71937763
0.24975994
0.71308819
0.21197967
0.83481792
0.56177333
0.79503037
0.87200167
0.75484641
0.83566680
0.26404007
0.43289535
0.71722285
0.17592107
0.71529477
0.94387179
0.38078507
0.02927547
0.88669044
0.88756910
0.90860194
0.97269464
0.09784069
0.86037602
0.51071816
0.09815068
0.22811478
0.81282042
0.67749514
0.79882625
0.88057100
0.95478109
0.79558451
0.22313885
0.57652367
0.38181251
0.70902224
0.37371615
0.93175031
0.16744449
0.43529080
0.58731188
0.79465074
0.54643650
0.18266238
0.42210371
0.46786477
0.78818413
0.38209845
0.24197418
0.39920188
0.63172169
0.61336499
0.17264180
0.29084465
0.75635016
0.66935543
0.35780333
0.04594196
0.60120923
0.84996550
0.54080577
0.91075409
0.84673291
0.99772674
0.87791966
0.36665430
0.07943316
0.29246321
0.98115087
0.18589571
0.09801904
0.49361455
0.30017269
0.54271769
0.59209519
0.75298514
0.60345292
0.80780626
0.66118533
0.16104191
0.32166126
0.26008472
0.84184649
0.10679184
0.75279534
0.68785892
0.22344695
0.45976536
0.19953754
0.00711527
0.66286510
0.87498224
0.45217125
0.40911449
0.30530807
0.67415987
0.13266524
0.63426481
0.62576577
0.97260636
0.33828260
0.31673998
0.27025074
0.52932020
0.27033948
0.14693599
0.54422801
0.71219564
0.15095048
0.65046941
0.06907693
0.64145931
0.34963121
0.47412390
0.75174568
0.01140442
0.51718389
0.46880559
0.94267863
0.59277330
0.15197009
0.78444621
0.47894772
0.37245437
0.09478645
0.04401769
0.27051380
0.06228599
0.48701783
0.41653703
0.23648633
0.95726031
0.97867453
0.67302294
0.19175178
0.81806403
0.24336680
0.59101929
0.81303966
0.91126140
0.31523149
0.77714159
0.68556051
0.91415160
0.33997800
0.58960004
0.94486468
0.05931854
0.42306227
0.09987849
0.63655428
0.60447230
0.48511552
0.07846889
0.14273839
0.56298661
0.83192983
0.34700420
0.04872255
0.78872860
0.53108339
0.43494549
0.82181056
0.34232863
0.67377630
0.45774234
0.30322687
0.10086923
0.79933775
0.94357142
0.52879344
0.33526681
0.33859358
0.08273125
0.85113176
0.62546343
0.12049267
0.01640530
0.89559808
0.70003494
0.71472746
0.10998804
0.13392764
0.32471083
0.81899945
0.54958597
0.16444314
0.86553694
0.16821159
0.77683551
0.28767039
0.72142444
0.88807638
0.37857611
0.75236896
0.33672554
0.42030733
0.75737165
0.76975620
0.19011927
0.94014526
0.84439634
0.67071197
0.05957393
0.89156635
0.12512817
0.92887186
0.17734402
0.24777131
0.78210928
0.18073381
0.69003680
0.63139843
0.24648114
0.88409721
0.85051201
0.42318915
0.73263153
0.42412242
0.03688613
0.81943810
0.01858263
0.07619038
0.57294317
0.61265865
0.52154197
0.58413872
0.69679781
0.76515738
0.08472185
0.65367744
0.71921542
0.48352786
0.16504006
0.06975681
0.55607300
0.68162321
0.64673523
0.85297448
0.31789091
0.43462030
0.43942563
0.60065701
0.24883212
0.84705617
0.36509868
0.18300096
0.80497567
0.72515186
0.35170768
0.79747024
0.17635112
0.31728640
0.63688705
0.83268858
0.94294373
0.82629029
0.72722439
0.93479435
0.13061887
0.49596506
0.46222688
0.05523248
0.83246932
0.70845018
0.30974012
0.61603886
0.70560852
0.00339547
0.06593301
0.45000513
0.61913150
0.43630513
0.52628983
0.72017969
0.08441387
0.25566525
0.91681022
0.81091774
0.86075274
0.12747880
0.84091318
0.66275538
0.49174175
0.74083039
0.98224394
0.89011558
0.73539546
0.08981223
0.62861115
0.90668150
0.14712867
0.81022227
0.16648234
0.00481280
0.98988757
0.18752653
0.78957760
0.36289066
0.91108696
0.47997113
0.19161164
0.45093890
0.93815948
0.01762238
0.49153758
0.97508529
0.40516213
0.76662093
0.90500713
0.21611528
0.80852923
0.92766274
0.71079878
0.46007903
0.09949528
0.96163916
0.45803602
0.77270845
0.12614944
0.51414236
0.27473814
0.76566260
0.53898350
0.36084005
0.20929357
0.67471008
0.78055537
0.94124977
0.07962197
0.05821046
0.40576687
0.03138767
0.26165264
0.37480535
0.13597783
0.56067673
0.03050787
0.47825090
0.66256663
0.22599737
0.13055312
0.86296937
0.71952731
0.61688781
0.47232841
0.64666178
0.46973554
0.62120424
0.98652139
0.86535674
0.53546081
0.03406906
0.85319761
0.08339617
0.95141059
0.34329101
0.75843455
0.11764227
0.71410755
0.34399522
0.74423166
0.45605317
0.54012483
0.67625529
0.26586334
0.84748634
0.73173880
0.48614060
0.47758245
0.31142945
0.41968381
0.58294444
0.16775257
0.53630204
0.76929481
0.49704066
0.49208220
0.12394810
0.20730829
0.43776616
0.06916561
0.02408903
0.59337040
0.91674446
0.42780027
0.07123158
0.70089147
0.47924996
0.72456431
0.29262542
0.74640723
0.70059574
0.24426456
0.14724599
0.42759171
0.89442297
0.57404361
0.31493304
0.12827878
0.98892925
0.36849807
0.62918986
0.65444762
0.66013313
0.03509439
0.70409334
0.49380710
0.03467005
0.08647786
0.68768820
0.60619821
0.73372457
0.62834219
0.67243150
0.72422571
0.90999414
0.44316066
0.12728614
0.57614381
0.20859840
0.35347082
0.89958786
0.85490306
0.55386268
0.72323472
0.52589791
0.10256468
0.85928851
0.82319139
0.27835305
0.87230037
0.91921979
0.13308667
0.62268823
0.45698287
0.89089586
0.77411311
0.74756006
0.59848592
0.78698222
0.97365892
0.46619087
0.71659551
0.47585933
0.34721219
0.28224442
0.33262612
0.62662967
0.20588649
0.95234053
0.22542893
0.66057705
0.89627527
0.96504608
0.16486379
0.23327569
0.47518118
0.44748713
0.74900235
0.53843140
0.72760224
0.40330225
0.09732018
0.19446012
0.75604776
0.30271531
0.03592567
0.74833580
0.43729421
0.90989212
0.82591090
0.93340515
0.00271260
0.59595503
0.29166114
0.81739554
0.84535849
0.77306516
0.39238616
0.12234826
0.38200215
0.62472692
0.65753800
0.19713497
0.19121235
0.23787099
0.49022658
0.76201900
0.88849689
0.52658830
0.57107281
0.88433172
0.61528162
0.93986496
0.60965567
0.21678387
0.15966636
0.74929603
0.00645243
0.51510473
0.15627119
0.68434340
0.44759110
0.11576090
0.28004186
0.16228957
0.79212802
0.03220585
0.02642189
0.76269318
0.02076202
0.82966512
0.14993135
0.07998337
0.67570490
0.66220327
0.60850388
0.93380147
0.30914901
0.08503384
0.55168189
0.31203020
0.65320043
0.18919362
0.25905989
0.39647888
0.64848791
0.80089926
0.44653337
0.68503393
0.98005931
0.14152938
0.03343783
0.61845539
0.53743850
0.82837661
0.04708142
0.88877104
0.43766220
0.70179426
0.78242134
0.01624987
0.27871644
0.48954846
0.14537894
0.69479532
0.19772773
0.39128933
0.82462251
0.76806274
0.96604063
0.26710308
0.31452391
0.51090999
0.20037881
0.80313203
0.05036354
0.71628933
0.62484421
0.04016820
0.98463623
0.63764418
0.56669874
0.42834669
0.95349282
0.88194352
0.80810674
0.31017027
0.48267517
0.89856445
0.70530247
0.90226210
0.25894827
0.77886559
0.40779475
0.37024445
0.87362986
0.74818799
0.80442219
0.15052424
0.25245722
0.26180398
0.06406546
0.68596197
0.28164347
0.59934601
0.02050660
0.35968881
0.12487997
0.35654410
0.10598983
0.91740896
0.28088666
0.89751518
0.43600083
0.37742321
0.91783340
0.63202003
0.71644768
0.85861142
0.58796053
0.85764739
0.97193590
0.69039253
0.01463773
0.94334522
0.44378455
0.45430097
0.48634732
0.54892034
0.43018801
0.25535908
0.04907534
0.61405739
0.40641021
0.83874757
0.89941312
0.94028550
0.47739055
0.39779226
0.61156943
0.28826184
0.19090626
0.85451112
0.18685807
0.46587516
0.08372225
0.71764540
0.79365594
0.89732537
0.27321825
0.59133119
0.21105186
0.73393238
0.89409207
0.19104923
0.62098709
0.69960094
0.31586084
0.30668249
0.58632090
0.64542232
0.87817508
0.83467772
0.17890166
0.02297098
0.30060461
0.42498275
0.77040289
0.45537705
0.42336646
0.99886337
0.93895983
0.18332715
0.53971658
0.14623160
0.49057544
0.59294785
0.04900952
0.24680727
0.65008634
0.27135885
0.29604759
0.87649257
0.30172646
0.40390313
0.83059266
0.58052096
0.66083063
0.63004236
0.42092324
0.05339592
0.37639767
0.34392946
0.11172347
0.72988268
0.09976877
0.00355763
0.33143255
0.93749112
0.72608562
0.20455724
0.65265404
0.83707993
0.06633262
0.81713241
0.31288289
0.98630318
0.16914130
0.65836999
0.13512537
0.26466010
0.63516974
0.07346799
0.27211401
0.35609782
0.57547524
0.82523471
0.03453846
0.32072966
0.17481561
0.73706195
0.87587284
0.50570221
0.75859194
0.73440279
0.47133932
0.79638665
0.07598504
0.39222310
0.73947386
0.68622719
0.04739322
0.02200885
0.13525690
0.03114299
0.24350892
0.20826852
0.11824317
0.47863016
0.98933726
0.83651147
0.59587589
0.90903201
0.12168340
0.29550965
0.40651983
0.45563070
0.15761575
0.38857080
0.84278026
0.45707580
0.66998900
0.29480002
0.47243234
0.02965927
0.71153113
0.04993924
0.31827714
0.80223615
0.74255776
0.03923444
0.57136919
0.78149330
0.41596491
0.17350210
0.52436127
0.39436430
0.76554170
0.71747275
0.41090528
0.17116431
0.83688815
0.22887117
0.15161344
0.55043461
0.89966887
0.47178571
0.26439672
0.16763340
0.16929679
0.04136563
0.92556588
0.81273171
0.06024634
0.00820265
0.44779904
0.35001747
0.85736373
0.05499402
0.56696382
0.16235542
0.40949973
0.77479299
0.58222157
0.43276847
0.08410579
0.88841776
0.14383520
0.36071222
0.44403819
0.18928806
0.87618448
0.66836277
0.21015366
0.37868583
0.38487810
0.59505964
0.97007263
0.42219817
0.83535598
0.02978697
0.94578317
0.56256408
0.46443593
0.58867201
0.62388565
0.39105464
0.59036690
0.34501840
0.81569922
0.12324057
0.44204861
0.92525600
0.21159458
0.36631576
0.71206121
0.51844306
0.40971905
0.50929131
0.03809519
0.28647158
0.30632933
0.76077098
0.29206936
0.34839890
0.88257869
0.54236092
0.82683872
0.35960771
0.74176393
0.58252003
0.53487841
0.27803650
0.34081161
0.82336761
0.42648724
0.15894546
0.21731015
0.21971282
0.80032850
0.62441606
0.92352808
0.68254934
0.09150048
0.40248784
0.36257593
0.67585384
0.89873512
0.08817556
0.15864320
0.81844352
0.41634429
0.47147187
0.41314515
0.86361219
0.96739718
0.06530944
0.74798253
0.23111344
0.02761624
0.41623466
0.85422509
0.65487006
0.30801943
0.35280426
0.00169774
0.53296651
0.22500257
0.30956575
0.71815256
0.26314492
0.86008985
0.04220694
0.12783262
0.45840511
0.40545887
0.93037637
0.06373940
0.92045659
0.83137769
0.74587087
0.37041520
0.49112197
0.44505779
0.36769773
0.54490611
0.31430557
0.45334075
0.07356433
0.90511113
0.58324117
0.00240640
0.49494378
0.09376326
0.39478880
0.18144533
0.95554348
0.23998557
0.09580582
0.72546945
0.96907974
0.00881119
0.74576879
0.98754265
0.70258107
0.88331046
0.95250357
0.60805764
0.40426462
0.46383137
0.35539939
0.23003951
0.04974764
0.48081958
0.22901801
0.38635422
0.06307472
0.75707118
0.13736907
0.38283130
0.26949175
0.18042003
0.60464679
0.33735504
0.89027768
0.97062489
0.53981098
0.52910523
0.70288344
0.01569384
0.63082632
0.18740268
0.56798891
0.28033836
0.01525393
0.23912545
0.83128332
0.11299868
0.56527656
0.93148468
0.85976365
0.30844390
0.73616420
0.32333089
0.23486777
0.81060212
0.49326070
0.93267837
0.26773040
0.01703453
0.42659880
0.54169809
0.97570529
0.67164551
0.37921727
0.55882113
0.85705378
0.67199761
0.37211583
0.72802658
0.77006241
0.83812764
0.63293167
0.42374317
0.36586940
0.24307030
0.73879122
0.15571472
0.20984190
0.29147222
0.58387628
0.26815102
0.88464740
0.24852033
0.24604110
0.06197405
0.60365414
0.21888308
0.53458280
0.01204452
0.79668520
0.95837223
0.21390013
0.03561579
0.35044573
0.23962498
0.36228215
0.14631271
0.87320361
0.35029787
0.62213228
0.57362299
0.71379585
0.44721149
0.28702181
0.65746652
0.56413939
0.99446463
0.68424903
0.81459493
0.82722381
0.83006656
0.51754720
0.85204667
0.24690355
0.01733502
0.54323893
0.84384410
0.30309910
0.36686228
0.31417109
0.83621575
0.86211286
0.45499707
0.22158033
0.06364307
0.28807190
0.10429920
0.17673541
0.94979393
0.42745153
0.27693134
0.36161736
0.76294896
0.55128234
0.92964425
0.41159570
0.63917652
0.93615019
0.45960990
0.56654334
0.81134411
0.22849143
0.44544793
0.38705655
0.37378003
0.29924296
0.89349111
0.98682946
0.23309544
0.85829776
0.73792966
0.17360610
0.14112221
0.66631306
0.31331484
0.10294325
0.47617026
0.11271447
0.83028853
0.44813764
0.98252304
0.08243189
0.61663785
0.23759059
0.22374357
0.37450117
0.76921570
0.86380112
0.70165113
0.54866009
0.59723006
0.37802388
0.15135766
0.01796284
0.87416790
0.21864711
0.95494606
0.41295545
0.96670258
0.00135630
0.79797752
0.64583057
0.40869777
0.92267924
0.38653258
0.69619308
0.06117413
0.69100108
0.81236346
0.32876900
0.09856748
0.59560618
0.11893550
0.24511329
0.38100950
0.94424845
0.76329415
0.78553641
0.44216586
0.30764081
0.96993248
0.80482783
0.10839194
0.57983318
0.37464802
0.50322621
0.25755236
0.57813560
0.84217170
0.72379555
0.05788045
0.14002093
0.58114479
0.39606401
0.01610292
0.01321095
0.88134659
0.01038101
0.91483256
0.07496567
0.03999168
0.83785245
0.33110164
0.30425194
0.46690074
0.65457450
0.04251692
0.77584094
0.15601510
0.82660022
0.09459681
0.12952995
0.69823944
0.82424395
0.40044963
0.22326668
0.84251697
0.99002965
0.57076469
0.01671891
0.80922769
0.26871925
0.41418830
0.02354071
0.44438552
0.71883110
0.85089713
0.89121067
0.50812493
0.13935822
0.74477423
0.57268947
0.84739766
0.09886386
0.69564466
0.91231126
0.88403137
0.48302031
0.63355154
0.15726195
0.75545500
0.10018941
0.90156601
0.02518177
0.35814466
0.31242211
0.02008410
0.99231812
0.81882209
0.78334937
0.71417335
0.97674641
0.44097176
0.90405337
0.15508513
0.74133758
0.44928223
0.85265124
0.95113105
0.62947414
0.88943279
0.20389737
0.18512222
0.93681493
0.37409399
0.40221110
0.07526212
0.12622861
0.13090199
0.53203273
0.34298098
0.14082173
0.29967301
0.01025330
0.67984441
0.56243999
0.17827205
0.55299492
0.45870448
0.14044333
0.44875759
0.21800042
0.68871160
0.95891670
0.81601002
0.35822384
0.92930571
0.79398027
0.42882369
0.48596795
0.84519627
0.50731887
0.97167261
0.22189227
0.22715049
0.74317366
0.77446017
0.21509401
0.62767954
0.52453767
0.30702870
0.20320510
0.41937378
0.44970656
0.47014275
0.23869527
0.19889613
0.30578471
0.14413092
0.09545313
0.92725556
0.09342904
0.73293758
0.54186112
0.35882270
0.39682797
0.94866268
0.13660912
0.79566560
0.60552593
0.36696619
0.94704603
0.09552461
0.31049354
0.84980047
0.15793042
0.15334125
0.29316045
0.32271116
0.93908754
0.41733886
0.08945083
0.01148549
0.15030231
0.71249138
0.38520144
0.22768852
0.21168323
0.99943168
0.46947991
0.09166357
0.76985829
0.57311580
0.24528772
0.29647393
0.02450476
0.12340364
0.82504317
0.13567942
0.64802380
0.93824629
0.65086323
0.70195157
0.41529633
0.79026048
0.83041532
0.81502118
0.21046162
0.52669796
0.18819883
0.17196473
0.05586174
0.36494134
0.54988439
0.00177882
0.16571628
0.96874556
0.86304281
0.10227862
0.32632702
0.91853997
0.03316631
0.40856620
0.65644144
0.99315159
0.58457065
0.32918500
0.56756269
0.63233005
0.31758487
0.53673400
0.13605700
0.17804891
0.78773762
0.91261735
0.01726923
0.16036483
0.08740780
0.86853097
0.93793642
0.25285110
0.87929597
0.86720140
0.23566966
0.89819332
0.53799252
0.19611155
0.36973693
0.34311359
0.52369661
0.51100442
0.56762845
0.01557150
0.62175446
0.10413426
0.55912158
0.23931508
0.99466863
0.91825573
0.29793795
0.95451601
0.56084170
0.64775482
0.70325992
0.22781535
0.57880787
0.19428540
0.92139013
0.72853790
0.83499450
0.64740001
0.23621617
0.01482964
0.85576557
0.52496962
0.65913857
0.40111807
0.87127888
0.51961722
0.28568460
0.39074665
0.20798246
0.58675105
0.26218064
0.69718215
0.38277085
0.85873637
0.20545264
0.08558216
0.41844408
0.11443558
0.07580672
0.77521731
0.44983444
0.23589285
0.63219836
0.08381670
0.08464839
0.02068281
0.46278294
0.90636586
0.53012317
0.00410133
0.72389952
0.67500873
0.92868187
0.02749701
0.78348191
0.08117771
0.20474986
0.88739649
0.29111079
0.21638424
0.54205290
0.44420888
0.57191760
0.18035611
0.22201909
0.59464403
0.43809224
0.33418139
0.60507683
0.68934291
0.69243905
0.29752982
0.48503632
0.71109908
0.91767799
0.01489348
0.47289159
0.28128204
0.23221796
0.79433601
0.81194283
0.69552732
0.29518345
0.17250920
0.90784961
0.06162029
0.22102430
0.96262800
0.10579729
0.68315788
0.85603061
0.75922153
0.20485952
0.25464566
0.51904760
0.64323579
0.15316466
0.38038549
0.64603468
0.17419945
0.44128935
0.27118046
0.91341936
0.17980386
0.87088197
0.79126002
0.76743920
0.63901825
0.67040580
0.91168381
0.71324362
0.57947273
0.10865507
0.10985641
0.40016425
0.81220803
0.96176404
0.84127467
0.04575024
0.70124392
0.18128796
0.33792692
0.94936756
0.54408778
0.07932160
0.90922176
0.20817215
0.73573593
0.70657257
0.43180610
0.48369859
0.53265472
0.87399127
0.11555672
0.01380812
0.70811733
0.92711255
0.32743503
0.15400972
0.67640213
0.00084887
0.26648325
0.61250128
0.15478288
0.35907628
0.13157246
0.43004492
0.02110347
0.56391631
0.72920255
0.20272943
0.96518819
0.53186970
0.96022829
0.91568884
0.87293544
0.68520760
0.74556099
0.72252890
0.18384886
0.77245306
0.65715279
0.72667038
0.03678217
0.45255557
0.79162059
0.50120320
0.24747189
0.54688163
0.69739440
0.59072267
0.97777174
0.11999278
0.54790291
0.86273473
0.98453987
0.00440560
0.37288439
0.99377132
0.35129053
0.94165523
0.97625178
0.30402882
0.20213231
0.23191568
0.17769970
0.61501976
0.02487382
0.74040979
0.11450901
0.69317711
0.03153736
0.87853559
0.56868454
0.69141565
0.13474587
0.09021001
0.30232339
0.66867752
0.44513884
0.98531244
0.26990549
0.76455261
0.85144172
0.00784692
0.81541316
0.59370134
0.28399446
0.64016918
0.50762697
0.11956273
0.41564166
0.55649934
0.28263828
0.96574234
0.42988183
0.65422195
0.36808210
0.16166545
0.61743389
0.90530106
0.74663035
0.96633918
0.63386520
0.00851727
0.21329940
0.77084904
0.98785265
0.33582275
0.68960864
0.27941057
0.42852689
0.33599880
0.18605792
0.36401329
0.88503121
0.41906382
0.81646584
0.71187158
0.68293470
0.62153515
0.36939561
0.07785736
0.10492095
0.64573611
0.79193814
0.13407551
0.94232370
0.12426016
0.12302055
0.53098702
0.80182707
0.10944154
0.76729140
0.00602226
0.39834260
0.47918612
0.10695007
0.51780789
0.17522287
0.11981249
0.18114108
0.07315635
0.43660181
0.67514894
0.31106614
0.78681150
0.35689793
0.72360574
0.14351090
0.82873326
0.28206969
0.49723231
0.34212452
0.90729746
0.91361190
0.41503328
0.25877360
0.92602334
0.62345177
0.50866751
0.77161946
0.92192205
0.15154955
0.18343114
0.15708555
0.91810787
0.93105643
0.22749854
0.11079016
0.03182153
0.64403595
0.05214960
0.58836770
0.47489696
0.21372577
0.13846567
0.68080868
0.88147448
0.27564117
0.46482213
0.20579785
0.31958826
0.96807509
0.22980495
0.28327167
0.90567206
0.11424572
0.22272396
0.19352828
0.68689002
0.14962148
0.94674556
0.99341473
0.11654772
0.42914888
0.86896483
0.08680305
0.07056111
0.33315653
0.15665742
0.05147162
0.73808513
0.55635723
0.91514426
0.22406882
0.99126152
0.04121595
0.30831892
0.11879530
0.61187178
0.68725059
0.38460785
0.43190056
0.85082556
0.27433004
0.29861503
0.68901194
0.07567883
0.50898142
0.93708395
0.10932355
0.97747303
0.20647773
0.48335129
0.00067815
0.89898876
0.32291529
0.70434889
0.96133962
0.19326629
0.34809654
0.03058706
0.84550054
0.40618173
0.66438450
0.54928374
0.79780309
0.55946775
0.62255665
0.19050475
0.47212422
0.88164707
0.89276820
0.72108293
0.65382041
0.98496624
0.90241392
0.05419597
0.28991659
0.68732401
0.75161311
0.62877618
0.28906780
0.92108585
0.36189778
0.52894023
0.07001047
0.79057239
0.19803200
0.50805146
0.50660547
0.44067329
0.00519050
0.45741628
0.03748284
0.51999584
0.91892622
0.66555082
0.65212597
0.23345037
0.32728725
0.52125846
0.38792047
0.57800755
0.91330011
0.54729841
0.06476497
0.34911972
0.41212198
0.70022481
0.61163334
0.92125848
0.99501483
0.28538235
0.50835946
0.40461385
0.13435962
0.70709415
0.51177036
0.22219276
0.85941555
0.92544856
0.44560533
0.75406247
0.56967911
0.87238712
0.28634473
0.92369883
0.04943193
0.84782233
0.95615563
0.94201568
0.74151016
0.81677577
0.07863098
0.37772750
0.05009470
0.95078301
0.01259089
0.17907233
0.65621105
0.51004205
0.99615906
0.40941105
0.39167468
0.35708667
0.98837321
0.72048588
0.95202668
0.07754257
0.37066879
0.22464111
0.92632562
0.47556552
0.81473707
0.44471640
0.10194869
0.09256111
0.46840747
0.18704700
0.20110555
0.53763106
0.56311430
0.56545100
0.76601636
0.17149049
0.57041087
0.64983650
0.00512665
0.83992220
0.78121999
0.08913602
0.27649746
0.72935224
0.57022167
0.22437880
0.10900021
0.34435580
0.97945835
0.90800501
0.67911192
0.96465286
0.39699013
0.71441185
0.74298397
0.92259813
0.75365943
0.48583630
0.61094614
0.11357524
0.87158683
0.38723009
0.10754700
0.81383977
0.76226883
0.65351435
0.10160255
0.70968689
0.72485328
0.73507138
0.61934764
0.59944806
0.65289236
0.57206546
0.54772656
0.96362778
0.04671452
0.86646879
0.27093056
0.67941135
0.69841399
0.97433134
0.56830456
0.89783280
0.80276296
0.68348310
0.47352302
0.04776231
0.65524677
0.92490023
0.57896521
0.57667062
0.14658023
0.16135558
0.46954377
0.70866943
0.04472542
0.00574275
0.57515115
0.35624569
0.19260072
0.11384426
0.60584161
0.99971584
0.23473996
0.54583179
0.88492914
0.78655790
0.12264386
0.14823696
0.01225238
0.56170182
0.41252159
0.06783971
0.32401190
0.46912314
0.32543162
0.35097578
0.70764817
0.39513024
0.41520766
0.40751059
0.10523081
0.26334898
0.59409942
0.58598237
0.02793087
0.18247067
0.27494219
0.50088941
0.08285814
0.48437278
0.43152141
0.55113931
0.66316351
0.95926998
0.51658316
0.70428310
0.32822072
0.99657580
0.79228532
0.66459250
0.78378134
0.31616502
0.65879243
0.76836700
0.06802850
0.08902445
0.89386881
0.45630868
0.00863462
0.58018241
0.04370390
0.43426549
0.96896821
0.62642555
0.43964799
0.43360070
0.11783483
0.94909666
0.76899626
0.59805578
0.18486846
0.67155680
0.76184831
0.25550221
0.28381422
0.00778575
0.31087723
0.55206713
0.77956079
0.61965754
0.49733432
0.95912787
0.14896897
0.47725800
0.78042085
0.32387741
0.85162996
0.61390768
0.78940394
0.09714270
0.46069506
0.36426895
0.41749725
0.32370001
0.61810808
0.00741482
0.92788278
0.26248481
0.32956928
0.20055904
0.43563944
0.75980861
0.14284230
0.19537333
0.10399123
0.79337552
0.63109032
0.84859107
0.69138542
0.42936819
0.60272632
0.54279108
0.20922204
0.05721779
0.03790336
0.38760865
0.72491722
0.11794643
0.31609918
0.04190835
0.04232420
0.51034141
0.73139147
0.95318293
0.26506158
0.00205066
0.86194976
0.83750437
0.96434093
0.51374850
0.89174096
0.04058885
0.10237493
0.94369825
0.14555539
0.60819212
0.77102645
0.72210444
0.78595880
0.59017806
0.11100955
0.29732201
0.21904612
0.16709069
0.80253842
0.34467146
0.34621952
0.14876491
0.24251816
0.35554954
0.45883900
0.50744674
0.73644579
0.64064102
0.11610898
0.89716800
0.90597141
0.34776366
0.64759173
0.08625460
0.95392480
0.03081014
0.61051215
0.98131400
0.55289864
0.84157894
0.92801530
0.87961077
0.60242976
0.62732283
0.75952380
0.82161790
0.07658233
0.19019275
0.32301734
0.08709973
0.22064467
0.63559023
0.95670968
0.08990193
0.93544098
0.39563001
0.88371960
0.31950912
0.33520290
0.95584190
0.85662181
0.28973636
0.05432754
0.05492820
0.20008213
0.90610402
0.98088202
0.42063734
0.52287512
0.35062196
0.09064398
0.66896346
0.97468378
0.77204389
0.03966080
0.45461088
0.60408607
0.86786797
0.85328629
0.71590305
0.24184929
0.76632736
0.43699563
0.05777836
0.50690406
0.35405866
0.96355627
0.66371751
0.07700486
0.83820107
