0.50000000 0.50000000 
0.75000000 0.25000000 
0.25000000 0.75000000 
0.37500000 0.37500000 
0.87500000 0.87500000 
0.62500000 0.12500000 
0.12500000 0.62500000 
0.18750000 0.31250000 
0.68750000 0.81250000 
0.93750000 0.06250000 
0.43750000 0.56250000 
0.31250000 0.18750000 
0.81250000 0.68750000 
0.56250000 0.43750000 
0.06250000 0.93750000 
0.09375000 0.46875000 
0.59375000 0.96875000 
0.84375000 0.21875000 
0.34375000 0.71875000 
0.46875000 0.09375000 
0.96875000 0.59375000 
0.71875000 0.34375000 
0.21875000 0.84375000 
0.15625000 0.15625000 
0.65625000 0.65625000 
0.90625000 0.40625000 
0.40625000 0.90625000 
0.28125000 0.28125000 
0.78125000 0.78125000 
0.53125000 0.03125000 
0.03125000 0.53125000 
0.04687500 0.26562500 
0.54687500 0.76562500 
0.79687500 0.01562500 
0.29687500 0.51562500 
0.42187500 0.14062500 
0.92187500 0.64062500 
0.67187500 0.39062500 
0.17187500 0.89062500 
0.23437500 0.07812500 
0.73437500 0.57812500 
0.98437500 0.32812500 
0.48437500 0.82812500 
0.35937500 0.45312500 
0.85937500 0.95312500 
0.60937500 0.20312500 
0.10937500 0.70312500 
0.07812500 0.23437500 
0.57812500 0.73437500 
0.82812500 0.48437500 
0.32812500 0.98437500 
0.45312500 0.35937500 
0.95312500 0.85937500 
0.70312500 0.10937500 
0.20312500 0.60937500 
0.14062500 0.42187500 
0.64062500 0.92187500 
0.89062500 0.17187500 
0.39062500 0.67187500 
0.26562500 0.04687500 
0.76562500 0.54687500 
0.51562500 0.29687500 
0.01562500 0.79687500 
